333 numm 1911999999· mm

.11191991111999“ 199991·91111191991111199,Ι 1199119911, &hm
»9999199919999199999199999999999919ωοἷ16π91991999199999
19999199199191919199191991 1991191999. 01119919999
, 99)9.299. 11999111999191199119911μ 1911999191199991
9999919119991991119199919911999991119119199191 mmmmm. Ε
99119 9991999 pro 119199ιὶ9, 191 simpliciter 919 portento 9111 91911919. 9999 919 99 9η-
11911199 1199119 compecto 1999111991 819 99191 1191991199· ,199199199999119 ssu (m

, ’0919119991191991119191999999 9199999191991111919119191999191911919919ώῂ

9911199999119991111999991911919991911199199999.9189119119999 9111919119 Μ
9119 sole 9199919 99991119 9111 9919119 upum 1191991 19999 999 w

9919909. Ι999191999119119111Κ9919199.11999 9969199999, 9119199119 99- -

. ι 91991 9911919 99919111.

991. XV. 1199. 191999. 991 1999919999191999 19 199111 Κ991911 19119 ,69ώῖ
19199Κ991911 9911919 1999 exhiben2“:

1911191 9119999, 119 vom 9911199 9999199 9999119999 11991 911191, 1919991
Ι 199 91999 191199 mit einer 1111199 und 11191919 19119991 991 auster 99199911 99 99911
’9199999911 Die Sonn durch ein 111991 99119919911911919, 1199999 119991999999
19191191 919 99191· 10. 11911 9199 29119 99191199. 11991999191999 199999, 9199
1489191991191199991111991998919199991991 9991991119 119 9199199111 119

’ 19199 919 1919999119 99999 1911191199 919 11919 91191191 9919991999 1119119, 911

19991911191919 datter 1191, 991 1191111191 991911 91919911 19199 1991199. ’119 9911
Ι199919111191 919 1191111911 191 dimam· 91919991999199 91919999 1991 19 199 199119

991919 119919 11991999 991 1191911 9199 91191919, 99 999919 919999 99 Ρ9911. 19
19199 911 du Papir 91919 119 und 91191· 9911911191, 1991 9191 der Schein 9111 119
19911 19999191, und 191 91199999 (199 1919111199 11191199 1911 999191 1991 9911919 919·
99191199. 9999 9991 die 9991911911 1919999999999, 1911 man 9919199, 919 119 991
191 11191119 9199919199, 1999 also 199 Dilpfflin 9111991199199, 119 9991911911 9191
1111191 199 991991991191999 191 919 29119 19111 11199999 911999199999911, 111
199199 9991991199 991 999999199.

11819119 ἀι.

 

